1.273061515873015193e-01
1.363246008000000842e-01
1.454885088709676477e-01
1.548014235772356972e-01
1.642670090163933505e-01
1.738890504132231118e-01
1.836714591666666063e-01
1.936182781512605366e-01
2.037336872881356786e-01
2.140220094017093455e-01
2.244877163793104202e-01
2.351354356521739852e-01
2.459699570175437611e-01
2.569962398230087874e-01
2.682194205357142369e-01
2.796448207207207215e-01
2.912779554545454896e-01
3.031245422018349345e-01
3.151905101851852908e-01
3.274820102803739363e-01
3.400054254716982083e-01
3.527673819047618675e-01
3.657747605769230415e-01
3.790347097087378714e-01
3.925546578431373668e-01
4.063423277227722341e-01
4.204057510000001052e-01
4.347532838383838527e-01
4.493936234693878262e-01
4.643358257731959871e-01
4.795893239583333134e-01
